_id,data_year,civilian_ct,female_civilian_ct,female_officer_ct,female_total_ct,male_civilian_ct,male_officer_ct,male_total_ct,population,total_pe_ct,state_id,state_name,state_abbr,agency_count_pe_submitting,pe_ct_per_1000
ObjectId("5ea70f830e75000020051f89"),2010,5424,3354,808,4162,2070,10434,12504,4792630,16666,2,Alabama,AL,365,3.48
ObjectId("5ea70f830e75000020051f8a"),2011,5701,3587,801,4388,2114,10668,12782,4815348,17170,2,Alabama,AL,378,3.57
ObjectId("5ea70f830e75000020051f8b"),2012,5806,3584,809,4393,2222,10400,12622,4834334,17015,2,Alabama,AL,385,3.52
ObjectId("5ea70f830e75000020051f8c"),2013,5818,3684,805,4489,2134,10681,12815,4845981,17304,2,Alabama,AL,379,3.57
ObjectId("5ea70f830e75000020051f8d"),2014,5655,3591,829,4420,2064,10613,12677,4861676,17097,2,Alabama,AL,372,3.52
ObjectId("5ea70f830e75000020051f8e"),2015,5827,3694,861,4555,2133,10734,12867,4883134,17422,2,Alabama,AL,376,3.57
ObjectId("5ea70f830e75000020051f8f"),2016,5754,3617,857,4474,2137,10887,13024,4885591,17498,2,Alabama,AL,375,3.58
ObjectId("5ea70f830e75000020051f90"),2017,2827,1695,338,2033,1132,4899,6031,4894285,8064,2,Alabama,AL,378,1.65
ObjectId("5ea70f830e75000020051f91"),2018,5198,3196,898,4094,2002,9763,11765,4906885,15859,2,Alabama,AL,372,3.23
ObjectId("5ea70f830e75000020051f92"),2010,730,474,106,580,256,1152,1408,711456,1988,1,Alaska,AK,36,2.79
ObjectId("5ea70f830e75000020051f93"),2011,710,472,109,581,238,1215,1453,725910,2034,1,Alaska,AK,35,2.8
ObjectId("5ea70f830e75000020051f94"),2012,690,453,109,562,237,1221,1458,735190,2020,1,Alaska,AK,35,2.75
ObjectId("5ea70f830e75000020051f95"),2013,634,443,113,556,191,1248,1439,739005,1995,1,Alaska,AK,33,2.7
ObjectId("5ea70f830e75000020051f96"),2014,691,456,116,572,235,1202,1437,740644,2009,1,Alaska,AK,33,2.71
ObjectId("5ea70f830e75000020051f97"),2015,691,456,116,572,235,1200,1435,743350,2007,1,Alaska,AK,32,2.7
ObjectId("5ea70f830e75000020051f98"),2016,728,472,113,585,256,1156,1412,747188,1997,1,Alaska,AK,32,2.67
ObjectId("5ea70f830e75000020051f99"),2017,686,437,112,549,249,1135,1384,744849,1933,1,Alaska,AK,32,2.6
ObjectId("5ea70f830e75000020051f9a"),2018,699,436,124,560,263,1162,1425,742552,1985,1,Alaska,AK,33,2.67
ObjectId("5ea70f830e75000020051f9b"),2010,9685,5268,1360,6628,4417,11431,15848,6404623,22476,5,Arizona,AZ,117,3.51
ObjectId("5ea70f830e75000020051f9c"),2011,9439,5099,1325,6424,4340,11216,15556,6505261,21980,5,Arizona,AZ,116,3.38
ObjectId("5ea70f830e75000020051f9d"),2012,10124,5514,1417,6931,4610,11829,16439,6669918,23370,5,Arizona,AZ,115,3.5
ObjectId("5ea70f830e75000020051f9e"),2013,9466,5001,1276,6277,4465,10939,15404,6646289,21681,5,Arizona,AZ,113,3.26
ObjectId("5ea70f830e75000020051f9f"),2014,10217,5415,1336,6751,4802,11401,16203,6753058,22954,5,Arizona,AZ,115,3.4
ObjectId("5ea70f830e75000020051fa0"),2015,9983,5303,1399,6702,4680,11678,16358,6851271,23060,5,Arizona,AZ,115,3.37
ObjectId("5ea70f830e75000020051fa1"),2016,10004,5391,1334,6725,4613,11369,15982,6951468,22707,5,Arizona,AZ,117,3.27
ObjectId("5ea70f830e75000020051fa2"),2017,9888,5379,1382,6761,4509,11480,15989,7037119,22750,5,Arizona,AZ,114,3.23
ObjectId("5ea70f830e75000020051fa3"),2018,9672,5255,1399,6654,4417,11357,15774,7192613,22428,5,Arizona,AZ,115,3.12
ObjectId("5ea70f830e75000020051fa4"),2010,3925,2387,514,2901,1538,5930,7468,3034697,10369,3,Arkansas,AR,307,3.42
ObjectId("5ea70f830e75000020051fa5"),2011,3687,2260,533,2793,1427,5984,7411,3020076,10204,3,Arkansas,AR,289,3.38
ObjectId("5ea70f830e75000020051fa6"),2012,3722,2291,544,2835,1431,6099,7530,3082595,10365,3,Arkansas,AR,304,3.36
ObjectId("5ea70f830e75000020051fa7"),2013,3845,2364,532,2896,1481,6222,7703,3109825,10599,3,Arkansas,AR,304,3.41
ObjectId("5ea70f830e75000020051fa8"),2014,3907,2300,556,2856,1607,6260,7867,3142848,10723,3,Arkansas,AR,300,3.41
ObjectId("5ea70f830e75000020051fa9"),2015,4001,2402,548,2950,1599,6285,7884,3158605,10834,3,Arkansas,AR,307,3.43
ObjectId("5ea70f830e75000020051faa"),2016,3948,2349,579,2928,1599,6283,7882,3098083,10810,3,Arkansas,AR,315,3.49
ObjectId("5ea70f830e75000020051fab"),2017,3555,2042,567,2609,1513,5408,6921,3021597,9530,3,Arkansas,AR,296,3.15
ObjectId("5ea70f830e75000020051fac"),2018,3885,2352,620,2972,1533,6123,7656,3031153,10628,3,Arkansas,AR,289,3.51
ObjectId("5ea70f830e75000020051fad"),2010,40833,26172,10618,36790,14661,70994,85655,37346022,122445,6,California,CA,735,3.28
ObjectId("5ea70f830e75000020051fae"),2011,39576,25716,10279,35995,13860,68614,82474,37819249,118469,6,California,CA,736,3.13
ObjectId("5ea70f830e75000020051faf"),2012,40532,25712,10305,36017,14820,67757,82577,38183375,118594,6,California,CA,736,3.11
ObjectId("5ea70f830e75000020051fb0"),2013,40755,25815,10159,35974,14940,67770,82710,38498377,118684,6,California,CA,739,3.08
ObjectId("5ea70f830e75000020051fb1"),2014,41646,26289,10193,36482,15357,68238,83595,38970399,120077,6,California,CA,741,3.08
ObjectId("5ea70f830e75000020051fb2"),2015,41350,26091,10141,36232,15259,68507,83766,39315550,119998,6,California,CA,739,3.05
ObjectId("5ea70f830e75000020051fb3"),2016,41719,26144,10299,36443,15575,68620,84195,39421283,120638,6,California,CA,739,3.06
ObjectId("5ea70f830e75000020051fb4"),2017,40944,25474,10337,35811,15470,68403,83873,39713887,119684,6,California,CA,736,3.01
ObjectId("5ea70f830e75000020051fb5"),2018,40900,25561,10478,36039,15339,68663,84002,39735951,120041,6,California,CA,737,3.02
ObjectId("5ea70f830e75000020051fb6"),2010,5950,3907,1699,5606,2043,11104,13147,5299292,18753,7,Colorado,CO,255,3.54
ObjectId("5ea70f830e75000020051fb7"),2011,6190,4076,1660,5736,2114,11121,13235,5490450,18971,7,Colorado,CO,255,3.46
ObjectId("5ea70f830e75000020051fb8"),2012,5937,3885,1632,5517,2052,10950,13002,5321522,18519,7,Colorado,CO,251,3.48
ObjectId("5ea70f830e75000020051fb9"),2013,5641,3752,1778,5530,1889,11132,13021,5371354,18551,7,Colorado,CO,247,3.45
ObjectId("5ea70f830e75000020051fba"),2014,6001,3533,1972,5505,2468,10854,13322,5492445,18827,7,Colorado,CO,257,3.43
ObjectId("5ea70f830e75000020051fbb"),2015,6365,4063,1643,5706,2302,11266,13568,5614411,19274,7,Colorado,CO,269,3.43
ObjectId("5ea70f830e75000020051fbc"),2016,6530,4147,1713,5860,2383,11309,13692,5699669,19552,7,Colorado,CO,253,3.43
ObjectId("5ea70f830e75000020051fbd"),2017,6014,3842,1657,5499,2172,10762,12934,5665626,18433,7,Colorado,CO,225,3.25
ObjectId("5ea70f830e75000020051fbe"),2018,5998,3817,1721,5538,2181,10796,12977,5756844,18515,7,Colorado,CO,221,3.22
ObjectId("5ea70f830e75000020051fbf"),2010,1876,1082,816,1898,794,7881,8675,3694281,10573,8,Connecticut,CT,106,2.86
ObjectId("5ea70f830e75000020051fc0"),2011,1902,1081,787,1868,821,7595,8416,3672721,10284,8,Connecticut,CT,104,2.8
ObjectId("5ea70f830e75000020051fc1"),2012,1806,1058,810,1868,748,7715,8463,3702874,10331,8,Connecticut,CT,106,2.79
ObjectId("5ea70f830e75000020051fc2"),2013,1835,1056,803,1859,779,7741,8520,3687931,10379,8,Connecticut,CT,104,2.81
ObjectId("5ea70f830e75000020051fc3"),2014,1835,1076,838,1914,759,7966,8725,3772833,10639,8,Connecticut,CT,105,2.82
ObjectId("5ea70f830e75000020051fc4"),2015,1789,1051,782,1833,738,7199,7937,3703110,9770,8,Connecticut,CT,105,2.64
ObjectId("5ea70f830e75000020051fc5"),2016,1572,920,830,1750,652,7442,8094,3807343,9844,8,Connecticut,CT,109,2.59
ObjectId("5ea70f830e75000020051fc6"),2017,1442,860,758,1618,582,6567,7149,3645220,8767,8,Connecticut,CT,102,2.41
ObjectId("5ea70f830e75000020051fc7"),2018,1491,895,822,1717,596,6970,7566,3630004,9283,8,Connecticut,CT,106,2.56
ObjectId("5ea70f830e75000020051fc8"),2010,1304,812,434,1246,492,3128,3620,915164,4866,11,Delaware,DE,58,5.32
ObjectId("5ea70f830e75000020051fc9"),2011,1287,795,424,1219,492,3054,3546,923759,4765,11,Delaware,DE,56,5.16
ObjectId("5ea70f830e75000020051fca"),2012,877,558,328,886,319,2028,2347,934970,3233,11,Delaware,DE,59,3.46
ObjectId("5ea70f830e75000020051fcb"),2013,898,575,352,927,323,2125,2448,944369,3375,11,Delaware,DE,66,3.57
ObjectId("5ea70f830e75000020051fcc"),2014,1316,744,297,1041,572,2552,3124,954220,4165,11,Delaware,DE,68,4.36
ObjectId("5ea70f830e75000020051fcd"),2015,1325,801,297,1098,524,2550,3074,962461,4172,11,Delaware,DE,60,4.33
ObjectId("5ea70f830e75000020051fce"),2016,1404,870,319,1189,534,2618,3152,970016,4341,11,Delaware,DE,68,4.48
ObjectId("5ea70f830e75000020051fcf"),2017,694,371,273,644,323,2009,2332,978771,2976,11,Delaware,DE,63,3.04
ObjectId("5ea70f830e75000020051fd0"),2018,996,615,272,887,381,2043,2424,984141,3311,11,Delaware,DE,63,3.36
ObjectId("5ea70f830e75000020051fd1"),2010,28949,18422,6637,25059,10527,39765,50292,18910325,75351,12,Florida,FL,663,3.98
ObjectId("5ea70f830e75000020051fd2"),2011,27825,17799,6635,24434,10026,39260,49286,19173658,73720,12,Florida,FL,678,3.84
ObjectId("5ea70f830e75000020051fd3"),2012,28629,17777,6718,24495,10852,41169,52021,19434305,76516,12,Florida,FL,618,3.94
ObjectId("5ea70f830e75000020051fd4"),2013,28209,17924,6669,24593,10285,41437,51722,19672665,76315,12,Florida,FL,615,3.88
ObjectId("5ea70f830e75000020051fd5"),2014,29231,18322,6409,24731,10909,39512,50421,20007473,75152,12,Florida,FL,591,3.76
ObjectId("5ea70f830e75000020051fd6"),2015,27531,17711,6937,24648,9820,42193,52013,20388277,76661,12,Florida,FL,673,3.76
ObjectId("5ea70f830e75000020051fd7"),2016,31418,19612,7426,27038,11806,42062,53868,20750677,80906,12,Florida,FL,668,3.9
ObjectId("5ea70f830e75000020051fd8"),2017,28371,17938,7132,25070,10433,38844,49277,21152963,74347,12,Florida,FL,604,3.51
ObjectId("5ea70f830e75000020051fd9"),2018,28985,17843,6787,24630,11142,37906,49048,21441679,73678,12,Florida,FL,602,3.44
ObjectId("5ea70f830e75000020051fda"),2010,15029,9463,6692,16155,5566,32652,38218,9752532,54373,13,Georgia,GA,534,5.58
ObjectId("5ea70f830e75000020051fdb"),2011,15559,9635,6459,16094,5924,32659,38583,9880945,54677,13,Georgia,GA,556,5.53
ObjectId("5ea70f830e75000020051fdc"),2012,14947,9474,6579,16053,5473,32566,38039,9986384,54092,13,Georgia,GA,562,5.42
ObjectId("5ea70f830e75000020051fdd"),2013,14790,9345,6281,15626,5445,31372,36817,10059139,52443,13,Georgia,GA,557,5.21
ObjectId("5ea70f830e75000020051fde"),2014,15172,9388,6355,15743,5784,31458,37242,10166148,52985,13,Georgia,GA,547,5.21
ObjectId("5ea70f830e75000020051fdf"),2015,15243,9558,6465,16023,5685,32010,37695,10475611,53718,13,Georgia,GA,534,5.13
ObjectId("5ea70f830e75000020051fe0"),2016,15319,9523,6655,16178,5796,32335,38131,10572283,54309,13,Georgia,GA,545,5.14
ObjectId("5ea70f830e75000020051fe1"),2017,7959,5231,4054,9285,2728,19992,22720,10694367,32005,13,Georgia,GA,531,2.99
ObjectId("5ea70f830e75000020051fe2"),2018,9755,6634,4815,11449,3121,22834,25955,10990513,37404,13,Georgia,GA,532,3.4
ObjectId("5ea70f830e75000020051fe3"),2010,882,617,298,915,265,3070,3335,1479842,4250,15,Hawaii,HI,4,2.87
ObjectId("5ea70f830e75000020051fe4"),2011,877,615,299,914,262,3082,3344,1495625,4258,15,Hawaii,HI,4,2.85
ObjectId("5ea70f830e75000020051fe5"),2012,882,614,290,904,268,3073,3341,1514307,4245,15,Hawaii,HI,4,2.8
ObjectId("5ea70f830e75000020051fe6"),2013,876,602,279,881,274,3028,3302,1527273,4183,15,Hawaii,HI,4,2.74
ObjectId("5ea70f830e75000020051fe7"),2014,874,648,273,921,226,3154,3380,1543705,4301,15,Hawaii,HI,4,2.79
ObjectId("5ea70f830e75000020051fe8"),2015,930,630,294,924,300,3066,3366,1556738,4290,15,Hawaii,HI,4,2.76
ObjectId("5ea70f830e75000020051fe9"),2016,1279,844,539,1383,435,4498,4933,2424129,6316,15,Hawaii,HI,5,2.61
ObjectId("5ea70f830e75000020051fea"),2017,778,543,307,850,235,2644,2879,1427538,3729,15,Hawaii,HI,3,2.61
ObjectId("5ea70f830e75000020051feb"),2018,780,537,300,837,243,2544,2787,1420491,3624,15,Hawaii,HI,3,2.55
ObjectId("5ea70f830e75000020051fec"),2010,1694,1358,219,1577,336,2963,3299,1667541,4876,17,Idaho,ID,114,2.92
ObjectId("5ea70f830e75000020051fed"),2011,1587,1281,198,1479,306,2902,3208,1650055,4687,17,Idaho,ID,115,2.84
ObjectId("5ea70f830e75000020051fee"),2012,1632,1296,183,1479,336,2913,3249,1657731,4728,17,Idaho,ID,115,2.85
ObjectId("5ea70f830e75000020051fef"),2013,1656,1340,185,1525,316,2843,3159,1673884,4684,17,Idaho,ID,112,2.8
ObjectId("5ea70f830e75000020051ff0"),2014,1634,1281,196,1477,353,2841,3194,1692343,4671,17,Idaho,ID,113,2.76
ObjectId("5ea70f830e75000020051ff1"),2015,1709,1346,213,1559,363,2881,3244,1719351,4803,17,Idaho,ID,114,2.79
ObjectId("5ea70f830e75000020051ff2"),2016,1703,1375,219,1594,328,2933,3261,1741411,4855,17,Idaho,ID,112,2.79
ObjectId("5ea70f830e75000020051ff3"),2017,1663,1322,204,1526,341,2656,2997,1785558,4523,17,Idaho,ID,116,2.53
ObjectId("5ea70f830e75000020051ff4"),2018,2673,1539,205,1744,1134,2689,3823,1819181,5567,17,Idaho,ID,111,3.06
ObjectId("5ea70f830e75000020051ff5"),2010,14438,7460,5465,12925,6978,30165,37143,12888247,50068,18,Illinois,IL,726,3.88
ObjectId("5ea70f830e75000020051ff6"),2011,13866,7156,5274,12430,6710,29732,36442,12923112,48872,18,Illinois,IL,712,3.78
ObjectId("5ea70f830e75000020051ff7"),2012,14334,7107,5112,12219,7227,29421,36648,12934012,48867,18,Illinois,IL,740,3.78
ObjectId("5ea70f830e75000020051ff8"),2013,10150,6156,4285,10441,3994,29794,33788,12940590,44229,18,Illinois,IL,754,3.42
ObjectId("5ea70f830e75000020051ff9"),2014,13471,6884,4946,11830,6587,29455,36042,12938060,47872,18,Illinois,IL,751,3.7
ObjectId("5ea70f830e75000020051ffa"),2015,14156,7297,4908,12205,6859,30555,37414,12920809,49619,18,Illinois,IL,757,3.84
ObjectId("5ea70f830e75000020051ffb"),2016,13364,6844,4888,11732,6520,29295,35815,12857245,47547,18,Illinois,IL,746,3.7
ObjectId("5ea70f830e75000020051ffc"),2017,10096,4749,4318,9067,5347,20897,26244,12871297,35311,18,Illinois,IL,752,2.74
ObjectId("5ea70f830e75000020051ffd"),2018,10006,4663,4580,9243,5343,22164,27507,12810199,36750,18,Illinois,IL,657,2.87
ObjectId("5ea70f830e75000020051ffe"),2010,6214,3336,885,4221,2878,11169,14047,6494899,18268,19,Indiana,IN,309,2.81
ObjectId("5ea70f830e75000020051fff"),2011,6111,3238,866,4104,2873,11134,14007,6528075,18111,19,Indiana,IN,310,2.77
ObjectId("5ea70f830e75000020052000"),2012,5462,3033,879,3912,2429,10871,13300,6548541,17212,19,Indiana,IN,316,2.63
ObjectId("5ea70f830e75000020052001"),2013,5456,2942,834,3776,2514,10654,13168,6582010,16944,19,Indiana,IN,338,2.57
ObjectId("5ea70f830e75000020052002"),2014,5294,2865,847,3712,2429,10835,13264,6607982,16976,19,Indiana,IN,285,2.57
ObjectId("5ea70f830e75000020052003"),2015,5310,2810,890,3700,2500,11252,13752,6756198,17452,19,Indiana,IN,292,2.58
ObjectId("5ea70f830e75000020052004"),2016,5425,2843,880,3723,2582,11267,13849,6905471,17572,19,Indiana,IN,310,2.54
ObjectId("5ea70f830e75000020052005"),2017,1476,991,585,1576,485,6766,7251,6835640,8827,19,Indiana,IN,268,1.29
ObjectId("5ea70f830e75000020052006"),2018,3767,2113,1189,3302,1654,8831,10485,7066463,13787,19,Indiana,IN,277,1.95
ObjectId("5ea70f830e75000020052007"),2010,2896,1785,439,2224,1111,5109,6220,3235788,8444,16,Iowa,IA,252,2.61
ObjectId("5ea70f830e75000020052008"),2011,2709,1694,441,2135,1015,4992,6007,3179378,8142,16,Iowa,IA,230,2.56
ObjectId("5ea70f830e75000020052009"),2012,3017,1815,390,2205,1202,5019,6221,3245233,8426,16,Iowa,IA,245,2.6
ObjectId("5ea70f830e7500002005200a"),2013,2874,1754,418,2172,1120,5004,6124,3244635,8296,16,Iowa,IA,247,2.56
ObjectId("5ea70f830e7500002005200b"),2014,2970,1821,402,2223,1149,5028,6177,3311006,8400,16,Iowa,IA,263,2.54
ObjectId("5ea70f830e7500002005200c"),2015,3079,1876,435,2311,1203,5124,6327,3354213,8638,16,Iowa,IA,271,2.58
ObjectId("5ea70f830e7500002005200d"),2016,3090,1861,445,2306,1229,5078,6307,3318993,8613,16,Iowa,IA,274,2.6
ObjectId("5ea70f830e7500002005200e"),2017,2912,1757,441,2198,1155,4892,6047,3262185,8245,16,Iowa,IA,245,2.53
ObjectId("5ea70f830e7500002005200f"),2018,2999,1716,393,2109,1283,4632,5915,3412949,8024,16,Iowa,IA,252,2.35
ObjectId("5ea70f830e75000020052010"),2010,3852,2376,676,3052,1476,7327,8803,3077427,11855,20,Kansas,KS,477,3.85
ObjectId("5ea70f830e75000020052011"),2011,3861,2318,671,2989,1543,7208,8751,3072541,11740,20,Kansas,KS,467,3.82
ObjectId("5ea70f830e75000020052012"),2012,3615,2234,728,2962,1381,7228,8609,3100218,11571,20,Kansas,KS,472,3.73
ObjectId("5ea70f830e75000020052013"),2013,3597,2184,694,2878,1413,7287,8700,3128513,11578,20,Kansas,KS,474,3.7
ObjectId("5ea70f830e75000020052014"),2014,4098,2469,829,3298,1629,7604,9233,3252355,12531,20,Kansas,KS,490,3.85
ObjectId("5ea70f830e75000020052015"),2015,4037,2384,748,3132,1653,7313,8966,3170425,12098,20,Kansas,KS,455,3.82
ObjectId("5ea70f830e75000020052016"),2016,3573,2220,786,3006,1353,7395,8748,3154949,11754,20,Kansas,KS,451,3.73
ObjectId("5ea70f830e75000020052017"),2017,2811,1879,720,2599,932,6380,7312,3101213,9911,20,Kansas,KS,437,3.2
ObjectId("5ea70f830e75000020052018"),2018,2582,1681,716,2397,901,6105,7006,3099536,9403,20,Kansas,KS,428,3.03
ObjectId("5ea70f830e75000020052019"),2010,2540,1579,697,2276,961,9316,10277,4748332,12553,21,Kentucky,KY,412,2.64
ObjectId("5ea70f830e7500002005201a"),2011,2476,1487,659,2146,989,8642,9631,4421541,11777,21,Kentucky,KY,391,2.66
ObjectId("5ea70f830e7500002005201b"),2012,2501,1527,651,2178,974,8743,9717,4454279,11895,21,Kentucky,KY,398,2.67
ObjectId("5ea70f830e7500002005201c"),2013,2345,1451,642,2093,894,8530,9424,4432530,11517,21,Kentucky,KY,406,2.6
ObjectId("5ea70f830e7500002005201d"),2014,2738,1643,705,2348,1095,9060,10155,4491063,12503,21,Kentucky,KY,411,2.78
ObjectId("5ea70f830e7500002005201e"),2015,2807,1656,792,2448,1151,9815,10966,4505815,13414,21,Kentucky,KY,468,2.98
ObjectId("5ea70f830e7500002005201f"),2016,2528,1516,645,2161,1012,8615,9627,4480598,11788,21,Kentucky,KY,439,2.63
ObjectId("5ea70f830e75000020052020"),2017,2152,1267,505,1772,885,7146,8031,4503900,9803,21,Kentucky,KY,443,2.18
ObjectId("5ea70f830e75000020052021"),2018,2220,1341,500,1841,879,6977,7856,4523434,9697,21,Kentucky,KY,421,2.14
ObjectId("5ea70f830e75000020052022"),2010,5962,3798,3161,6959,2164,14236,16400,4620930,23359,22,Louisiana,LA,202,5.06
ObjectId("5ea70f830e75000020052023"),2011,5312,3637,3389,7026,1675,14438,16113,4660188,23139,22,Louisiana,LA,208,4.97
ObjectId("5ea70f830e75000020052024"),2012,5110,3540,3469,7009,1570,14565,16135,4781059,23144,22,Louisiana,LA,211,4.84
ObjectId("5ea70f830e75000020052025"),2013,4626,3088,3280,6368,1538,13865,15403,4724918,21771,22,Louisiana,LA,219,4.61
ObjectId("5ea70f830e75000020052026"),2014,5333,3407,3553,6960,1926,14027,15953,4774313,22913,22,Louisiana,LA,212,4.8
ObjectId("5ea70f830e75000020052027"),2015,6332,3955,3447,7402,2377,14155,16532,4823474,23934,22,Louisiana,LA,209,4.96
ObjectId("5ea70f830e75000020052028"),2016,6395,4251,3252,7503,2144,13786,15930,4838099,23433,22,Louisiana,LA,211,4.84
ObjectId("5ea70f830e75000020052029"),2017,4704,3206,3528,6734,1498,12251,13749,4911108,20483,22,Louisiana,LA,195,4.17
ObjectId("5ea70f830e7500002005202a"),2018,4653,3045,3031,6076,1608,11195,12803,4724297,18879,22,Louisiana,LA,196,4
ObjectId("5ea70f830e7500002005202b"),2010,604,358,142,500,246,2159,2405,1370677,2905,25,Maine,ME,168,2.12
ObjectId("5ea70f830e7500002005202c"),2011,578,360,138,498,218,2214,2432,1389431,2930,25,Maine,ME,171,2.11
ObjectId("5ea70f830e7500002005202d"),2012,583,362,148,510,221,2160,2381,1377993,2891,25,Maine,ME,186,2.1
ObjectId("5ea70f830e7500002005202e"),2013,582,356,149,505,226,2150,2376,1374487,2881,25,Maine,ME,184,2.1
ObjectId("5ea70f830e7500002005202f"),2014,541,329,153,482,212,2179,2391,1376141,2873,25,Maine,ME,184,2.09
ObjectId("5ea70f830e75000020052030"),2015,568,353,153,506,215,2223,2438,1375892,2944,25,Maine,ME,185,2.14
ObjectId("5ea70f830e75000020052031"),2016,580,359,158,517,221,2251,2472,1407114,2989,25,Maine,ME,202,2.12
ObjectId("5ea70f830e75000020052032"),2017,582,361,185,546,221,2138,2359,1390713,2905,25,Maine,ME,132,2.09
ObjectId("5ea70f830e75000020052033"),2018,583,369,187,556,214,2162,2376,1393395,2932,25,Maine,ME,135,2.1
ObjectId("5ea70f830e75000020052034"),2010,5224,3172,2145,5317,2052,13849,15901,5949764,21218,24,Maryland,MD,157,3.57
ObjectId("5ea70f830e75000020052035"),2011,5236,3101,2103,5204,2135,13762,15897,6006169,21101,24,Maryland,MD,157,3.51
ObjectId("5ea70f830e75000020052036"),2012,5563,3313,2231,5544,2250,15271,17521,6067471,23065,24,Maryland,MD,156,3.8
ObjectId("5ea70f830e75000020052037"),2013,6354,3583,2416,5999,2771,16904,19675,6114548,25674,24,Maryland,MD,154,4.2
ObjectId("5ea70f830e75000020052038"),2014,5087,3006,2168,5174,2081,14143,16224,6167060,21398,24,Maryland,MD,154,3.47
ObjectId("5ea70f830e75000020052039"),2015,5815,3437,2283,5720,2378,15514,17892,6202009,23612,24,Maryland,MD,154,3.81
ObjectId("5ea70f830e7500002005203a"),2016,5828,3426,2239,5665,2402,15524,17926,6213545,23591,24,Maryland,MD,154,3.8
ObjectId("5ea70f830e7500002005203b"),2017,5234,3199,2221,5420,2035,14778,16813,6249375,22233,24,Maryland,MD,164,3.56
ObjectId("5ea70f830e7500002005203c"),2018,5469,3420,2402,5822,2049,16211,18260,6939906,24082,24,Maryland,MD,163,3.47
ObjectId("5ea70f830e7500002005203d"),2010,3498,2095,1399,3494,1403,15079,16482,6666219,19976,23,Massachusetts,MA,388,3
ObjectId("5ea70f830e7500002005203e"),2011,3505,2056,1386,3442,1449,15250,16699,6682309,20141,23,Massachusetts,MA,376,3.01
ObjectId("5ea70f830e7500002005203f"),2012,3335,1983,1372,3355,1352,15257,16609,6774799,19964,23,Massachusetts,MA,377,2.95
ObjectId("5ea70f830e75000020052040"),2013,3423,2009,1404,3413,1414,15332,16746,6765234,20159,23,Massachusetts,MA,374,2.98
ObjectId("5ea70f830e75000020052041"),2014,3539,2103,1437,3540,1436,15787,17223,6882177,20763,23,Massachusetts,MA,384,3.02
ObjectId("5ea70f830e75000020052042"),2015,3733,2175,1473,3648,1558,15943,17501,6892139,21149,23,Massachusetts,MA,372,3.07
ObjectId("5ea70f830e75000020052043"),2016,3721,2178,1519,3697,1543,16052,17595,6828759,21292,23,Massachusetts,MA,368,3.12
ObjectId("5ea70f830e75000020052044"),2017,3607,2073,1466,3539,1534,15038,16572,6872032,20111,23,Massachusetts,MA,365,2.93
ObjectId("5ea70f830e75000020052045"),2018,3623,2118,1497,3615,1505,15220,16725,6913325,20340,23,Massachusetts,MA,358,2.94
ObjectId("5ea70f830e75000020052046"),2010,7449,4111,2799,6910,3338,18380,21718,10498349,28628,26,Michigan,MI,663,2.73
ObjectId("5ea70f830e75000020052047"),2011,7203,3895,2644,6539,3308,17867,21175,10553646,27714,26,Michigan,MI,661,2.63
ObjectId("5ea70f830e75000020052048"),2012,7282,3860,2513,6373,3422,17390,20812,10531134,27185,26,Michigan,MI,669,2.58
ObjectId("5ea70f830e75000020052049"),2013,7153,3738,2550,6288,3415,17450,20865,10721113,27153,26,Michigan,MI,664,2.53
ObjectId("5ea70f830e7500002005204a"),2014,7243,3783,2454,6237,3460,17337,20797,10514660,27034,26,Michigan,MI,662,2.57
ObjectId("5ea70f830e7500002005204b"),2015,7024,3638,2478,6116,3386,17251,20637,10400716,26753,26,Michigan,MI,644,2.57
ObjectId("5ea70f830e7500002005204c"),2016,7802,4128,2445,6573,3674,17391,21065,10370084,27638,26,Michigan,MI,650,2.67
ObjectId("5ea70f830e7500002005204d"),2017,6800,3592,2191,5783,3208,14940,18148,10418878,23931,26,Michigan,MI,640,2.3
ObjectId("5ea70f830e7500002005204e"),2018,6797,3219,2173,5392,3578,15181,18759,10460399,24151,26,Michigan,MI,656,2.31
ObjectId("5ea70f830e7500002005204f"),2010,4703,2760,1068,3828,1943,7882,9825,5507486,13653,27,Minnesota,MN,330,2.48
ObjectId("5ea70f830e75000020052050"),2011,4640,2738,1044,3782,1902,7877,9779,5553912,13561,27,Minnesota,MN,323,2.44
ObjectId("5ea70f830e75000020052051"),2012,4695,2717,1051,3768,1978,7896,9874,5591233,13642,27,Minnesota,MN,332,2.44
ObjectId("5ea70f830e75000020052052"),2013,4627,2623,1050,3673,2004,7850,9854,5648628,13527,27,Minnesota,MN,335,2.39
ObjectId("5ea70f830e75000020052053"),2014,5011,2805,1082,3887,2206,8400,10606,5688135,14493,27,Minnesota,MN,332,2.55
ObjectId("5ea70f830e75000020052054"),2015,5007,2768,1143,3911,2239,8692,10931,5717579,14842,27,Minnesota,MN,390,2.6
ObjectId("5ea70f830e75000020052055"),2016,5361,2908,1149,4057,2453,9058,11511,5910071,15568,27,Minnesota,MN,392,2.63
ObjectId("5ea70f830e75000020052056"),2017,5160,2815,1129,3944,2345,8565,10910,5897552,14854,27,Minnesota,MN,354,2.52
ObjectId("5ea70f830e75000020052057"),2018,5337,2908,1173,4081,2429,8757,11186,5943682,15267,27,Minnesota,MN,349,2.57
ObjectId("5ea70f830e75000020052058"),2010,4254,2525,542,3067,1729,5939,7668,2968683,10735,29,Mississippi,MS,152,3.62
ObjectId("5ea70f830e75000020052059"),2011,3473,2038,556,2594,1435,5814,7249,2979903,9843,29,Mississippi,MS,146,3.3
ObjectId("5ea70f830e7500002005205a"),2012,3572,2038,548,2586,1534,5673,7207,3027267,9793,29,Mississippi,MS,146,3.23
ObjectId("5ea70f830e7500002005205b"),2013,3366,2046,538,2584,1320,5817,7137,3016872,9721,29,Mississippi,MS,132,3.22
ObjectId("5ea70f830e7500002005205c"),2014,3496,2022,523,2545,1474,5635,7109,3036406,9654,29,Mississippi,MS,102,3.18
ObjectId("5ea70f830e7500002005205d"),2015,3570,2125,540,2665,1445,5729,7174,3029478,9839,29,Mississippi,MS,102,3.25
ObjectId("5ea70f830e7500002005205e"),2016,3537,2081,552,2633,1456,5738,7194,3117216,9827,29,Mississippi,MS,94,3.15
ObjectId("5ea70f830e7500002005205f"),2017,1215,726,248,974,489,2133,2622,3101936,3596,29,Mississippi,MS,76,1.16
ObjectId("5ea70f830e75000020052060"),2018,1674,1008,293,1301,666,2563,3229,3070293,4530,29,Mississippi,MS,72,1.48
ObjectId("5ea70f830e75000020052061"),2010,7006,4213,1507,5720,2793,14523,17316,6113051,23036,28,Missouri,MO,639,3.77
ObjectId("5ea70f830e75000020052062"),2011,6848,4075,1472,5547,2773,14289,17062,6062157,22609,28,Missouri,MO,639,3.73
ObjectId("5ea70f830e75000020052063"),2012,6879,3991,1451,5442,2888,13983,16871,6064498,22313,28,Missouri,MO,637,3.68
ObjectId("5ea70f830e75000020052064"),2013,6905,4100,1453,5553,2805,14402,17207,6092552,22760,28,Missouri,MO,629,3.74
ObjectId("5ea70f830e75000020052065"),2014,7069,4140,1474,5614,2929,14479,17408,6112392,23022,28,Missouri,MO,635,3.77
ObjectId("5ea70f830e75000020052066"),2015,6973,4087,1512,5599,2886,14510,17396,6136017,22995,28,Missouri,MO,639,3.75
ObjectId("5ea70f830e75000020052067"),2016,7011,4177,1555,5732,2834,14765,17599,6202634,23331,28,Missouri,MO,630,3.76
ObjectId("5ea70f830e75000020052068"),2017,5900,3540,1503,5043,2360,13172,15532,6200443,20575,28,Missouri,MO,594,3.32
ObjectId("5ea70f830e75000020052069"),2018,5798,3497,1485,4982,2301,12943,15244,6208462,20226,28,Missouri,MO,594,3.26
ObjectId("5ea70f830e7500002005206a"),2010,1159,660,108,768,499,1891,2390,1076615,3158,30,Montana,MT,113,2.93
ObjectId("5ea70f830e7500002005206b"),2011,1165,681,116,797,484,1898,2382,1066348,3179,30,Montana,MT,108,2.98
ObjectId("5ea70f830e7500002005206c"),2012,981,608,122,730,373,1885,2258,1075765,2988,30,Montana,MT,107,2.78
ObjectId("5ea70f830e7500002005206d"),2013,994,631,120,751,363,1780,2143,1105207,2894,30,Montana,MT,110,2.62
ObjectId("5ea70f830e7500002005206e"),2014,1095,653,121,774,442,1837,2279,1109996,3053,30,Montana,MT,113,2.75
ObjectId("5ea70f830e7500002005206f"),2015,1402,752,132,884,650,1911,2561,1121211,3445,30,Montana,MT,116,3.07
ObjectId("5ea70f830e75000020052070"),2016,1403,731,129,860,672,1921,2593,1109334,3453,30,Montana,MT,113,3.11
ObjectId("5ea70f830e75000020052071"),2017,1117,626,130,756,491,1787,2278,1109109,3034,30,Montana,MT,111,2.74
ObjectId("5ea70f830e75000020052072"),2018,1066,593,137,730,473,1814,2287,1125540,3017,30,Montana,MT,109,2.68
ObjectId("5ea70f830e75000020052073"),2010,1389,1033,404,1437,356,3343,3699,1938201,5136,31,Nebraska,NE,241,2.65
ObjectId("5ea70f830e75000020052074"),2011,1424,1054,396,1450,370,3409,3779,1925201,5229,31,Nebraska,NE,237,2.72
ObjectId("5ea70f830e75000020052075"),2012,1461,1034,388,1422,427,3356,3783,1960884,5205,31,Nebraska,NE,229,2.65
ObjectId("5ea70f830e75000020052076"),2013,1529,1093,394,1487,436,3372,3808,1984267,5295,31,Nebraska,NE,228,2.67
ObjectId("5ea70f830e75000020052077"),2014,1583,1065,431,1496,518,3569,4087,2043332,5583,31,Nebraska,NE,239,2.73
ObjectId("5ea70f830e75000020052078"),2015,1563,1069,428,1497,494,3610,4104,2039313,5601,31,Nebraska,NE,251,2.75
ObjectId("5ea70f830e75000020052079"),2016,1598,1028,422,1450,570,3543,4113,2069704,5563,31,Nebraska,NE,246,2.69
ObjectId("5ea70f830e7500002005207a"),2017,1584,1031,407,1438,553,3065,3618,2087467,5056,31,Nebraska,NE,231,2.42
ObjectId("5ea70f830e7500002005207b"),2018,1618,1046,427,1473,572,3380,3952,1998952,5425,31,Nebraska,NE,232,2.71
ObjectId("5ea70f830e7500002005207c"),2010,3993,2563,581,3144,1430,5319,6749,2707228,9893,37,Nevada,NV,51,3.65
ObjectId("5ea70f830e7500002005207d"),2011,3734,2412,546,2958,1322,4970,6292,2730056,9250,37,Nevada,NV,52,3.39
ObjectId("5ea70f830e7500002005207e"),2012,3770,2425,540,2965,1345,5157,6502,2765739,9467,37,Nevada,NV,51,3.42
ObjectId("5ea70f830e7500002005207f"),2013,3454,2177,508,2685,1277,4870,6147,2796911,8832,37,Nevada,NV,52,3.16
ObjectId("5ea70f830e75000020052080"),2014,3480,2182,518,2700,1298,5028,6326,2845845,9026,37,Nevada,NV,53,3.17
ObjectId("5ea70f830e75000020052081"),2015,2818,2071,701,2772,747,5665,6412,2897487,9184,37,Nevada,NV,58,3.17
ObjectId("5ea70f830e75000020052082"),2016,2815,2135,772,2907,680,6190,6870,2946513,9777,37,Nevada,NV,61,3.32
ObjectId("5ea70f830e75000020052083"),2017,3052,2233,798,3031,819,6020,6839,3004362,9870,37,Nevada,NV,61,3.29
ObjectId("5ea70f830e75000020052084"),2018,2837,1990,685,2675,847,5588,6435,3040690,9110,37,Nevada,NV,64,3
ObjectId("5ea70f830e75000020052085"),2010,861,606,212,818,255,2510,2765,1375567,3583,34,New Hampshire,NH,159,2.6
ObjectId("5ea70f830e75000020052086"),2011,880,631,231,862,249,2543,2792,1389653,3654,34,New Hampshire,NH,172,2.63
ObjectId("5ea70f830e75000020052087"),2012,847,616,225,841,231,2533,2764,1400832,3605,34,New Hampshire,NH,174,2.57
ObjectId("5ea70f830e75000020052088"),2013,869,620,225,845,249,2541,2790,1422911,3635,34,New Hampshire,NH,182,2.55
ObjectId("5ea70f830e75000020052089"),2014,874,602,236,838,272,2520,2792,1380345,3630,34,New Hampshire,NH,181,2.63
ObjectId("5ea70f830e7500002005208a"),2015,871,600,239,839,271,2524,2795,1360341,3634,34,New Hampshire,NH,180,2.67
ObjectId("5ea70f830e7500002005208b"),2016,892,611,240,851,281,2534,2815,1368168,3666,34,New Hampshire,NH,185,2.68
ObjectId("5ea70f830e7500002005208c"),2017,859,597,247,844,262,2517,2779,1370055,3623,34,New Hampshire,NH,185,2.64
ObjectId("5ea70f830e7500002005208d"),2018,851,597,266,863,254,2572,2826,1382257,3689,34,New Hampshire,NH,185,2.67
ObjectId("5ea70f830e7500002005208e"),2010,9038,5693,2628,8321,3345,28925,32270,8852833,40591,35,New Jersey,NJ,581,4.59
ObjectId("5ea70f830e7500002005208f"),2011,8584,5207,2509,7716,3377,27225,30602,8878183,38318,35,New Jersey,NJ,578,4.32
ObjectId("5ea70f830e75000020052090"),2012,9047,5625,2633,8258,3422,26852,30274,8925939,38532,35,New Jersey,NJ,576,4.32
ObjectId("5ea70f830e75000020052091"),2013,8762,5268,2521,7789,3494,26437,29931,8974455,37720,35,New Jersey,NJ,574,4.2
ObjectId("5ea70f830e75000020052092"),2014,9234,5640,2726,8366,3594,27660,31254,8995276,39620,35,New Jersey,NJ,574,4.4
ObjectId("5ea70f830e75000020052093"),2015,10204,6063,2893,8956,4141,30636,34777,9014923,43733,35,New Jersey,NJ,575,4.85
ObjectId("5ea70f830e75000020052094"),2016,10629,6463,2992,9455,4166,30890,35056,9005202,44511,35,New Jersey,NJ,573,4.94
ObjectId("5ea70f830e75000020052095"),2017,9128,5548,3033,8581,3580,28308,31888,9066144,40469,35,New Jersey,NJ,576,4.46
ObjectId("5ea70f830e75000020052096"),2018,9030,5509,3158,8667,3521,28659,32180,8968809,40847,35,New Jersey,NJ,576,4.55
ObjectId("5ea70f830e75000020052097"),2010,1709,1144,446,1590,565,4090,4655,2062883,6245,36,New Mexico,NM,107,3.03
ObjectId("5ea70f830e75000020052098"),2011,1735,1131,448,1579,604,4157,4761,2085969,6340,36,New Mexico,NM,112,3.04
ObjectId("5ea70f830e75000020052099"),2012,1737,1138,458,1596,599,4126,4725,2089244,6321,36,New Mexico,NM,115,3.03
ObjectId("5ea70f830e7500002005209a"),2013,1847,1205,311,1516,642,3705,4347,2090974,5863,36,New Mexico,NM,115,2.8
ObjectId("5ea70f830e7500002005209b"),2014,1868,1153,426,1579,715,4005,4720,2091198,6299,36,New Mexico,NM,120,3.01
ObjectId("5ea70f830e7500002005209c"),2015,1920,1192,460,1652,728,4171,4899,2090676,6551,36,New Mexico,NM,119,3.13
ObjectId("5ea70f830e7500002005209d"),2016,2233,1347,504,1851,886,4569,5455,2188884,7306,36,New Mexico,NM,122,3.34
ObjectId("5ea70f830e7500002005209e"),2017,1349,844,303,1147,505,2817,3322,2195924,4469,36,New Mexico,NM,119,2.04
ObjectId("5ea70f830e7500002005209f"),2018,1167,734,277,1011,433,2433,2866,2100071,3877,36,New Mexico,NM,118,1.85
ObjectId("5ea70f830e750000200520a0"),2010,21680,13914,8596,22510,7766,55252,63018,21307462,85528,38,New York,NY,577,4.01
ObjectId("5ea70f830e750000200520a1"),2011,21066,13549,8409,21958,7517,54655,62172,21413705,84130,38,New York,NY,580,3.93
ObjectId("5ea70f830e750000200520a2"),2012,20666,13327,8332,21659,7339,54589,61928,21525230,83587,38,New York,NY,580,3.88
ObjectId("5ea70f830e750000200520a3"),2013,20749,13323,8362,21685,7426,54656,62082,21600460,83767,38,New York,NY,572,3.88
ObjectId("5ea70f830e750000200520a4"),2014,20879,13365,8287,21652,7514,54447,61961,21699212,83613,38,New York,NY,576,3.85
ObjectId("5ea70f830e750000200520a5"),2015,20822,13311,8663,21974,7511,55351,62862,21755244,84836,38,New York,NY,576,3.9
ObjectId("5ea70f830e750000200520a6"),2016,21103,13471,9039,22510,7632,56144,63776,21702264,86286,38,New York,NY,575,3.98
ObjectId("5ea70f830e750000200520a7"),2017,21210,13530,9128,22658,7680,53305,60985,21791112,83643,38,New York,NY,569,3.84
ObjectId("5ea70f830e750000200520a8"),2018,21882,14020,9255,23275,7862,53072,60934,21485794,84209,38,New York,NY,576,3.92
ObjectId("5ea70f830e750000200520a9"),2010,10990,5925,2602,8527,5065,22126,27191,9580821,35718,32,North Carolina,NC,426,3.73
ObjectId("5ea70f830e750000200520aa"),2011,11134,5891,2655,8546,5243,22222,27465,9699207,36011,32,North Carolina,NC,430,3.71
ObjectId("5ea70f830e750000200520ab"),2012,11365,5916,2696,8612,5449,22242,27691,9794736,36303,32,North Carolina,NC,437,3.71
ObjectId("5ea70f830e750000200520ac"),2013,11159,5760,2666,8426,5399,22203,27602,9888625,36028,32,North Carolina,NC,417,3.64
ObjectId("5ea70f830e750000200520ad"),2014,11404,5917,2782,8699,5487,22695,28182,9977797,36881,32,North Carolina,NC,415,3.7
ObjectId("5ea70f830e750000200520ae"),2015,11391,6034,2766,8800,5357,22738,28095,10074032,36895,32,North Carolina,NC,410,3.66
ObjectId("5ea70f830e750000200520af"),2016,11691,6249,2768,9017,5442,22823,28265,10180571,37282,32,North Carolina,NC,401,3.66
ObjectId("5ea70f830e750000200520b0"),2017,10890,5943,2822,8765,4947,21380,26327,10307682,35092,32,North Carolina,NC,391,3.4
ObjectId("5ea70f830e750000200520b1"),2018,10274,5649,2889,8538,4625,21600,26225,10469374,34763,32,North Carolina,NC,422,3.32
ObjectId("5ea70f830e750000200520b2"),2010,514,320,140,460,194,1267,1461,711859,1921,33,North Dakota,ND,114,2.7
ObjectId("5ea70f830e750000200520b3"),2011,509,335,151,486,174,1278,1452,724806,1938,33,North Dakota,ND,117,2.67
ObjectId("5ea70f830e750000200520b4"),2012,524,350,152,502,174,1337,1511,728794,2013,33,North Dakota,ND,103,2.76
ObjectId("5ea70f830e750000200520b5"),2013,522,353,165,518,169,1362,1531,757656,2049,33,North Dakota,ND,118,2.7
ObjectId("5ea70f830e750000200520b6"),2014,574,370,172,542,204,1484,1688,788748,2230,33,North Dakota,ND,121,2.83
ObjectId("5ea70f830e750000200520b7"),2015,647,387,190,577,260,1557,1817,787480,2394,33,North Dakota,ND,115,3.04
ObjectId("5ea70f830e750000200520b8"),2016,703,433,194,627,270,1630,1900,789335,2527,33,North Dakota,ND,116,3.2
ObjectId("5ea70f830e750000200520b9"),2017,669,439,207,646,230,1541,1771,781178,2417,33,North Dakota,ND,111,3.09
ObjectId("5ea70f830e750000200520ba"),2018,701,450,214,664,251,1562,1813,788896,2477,33,North Dakota,ND,110,3.14
ObjectId("5ea70f830e750000200520bb"),2010,10054,6007,2549,8556,4047,23011,27058,12613014,35614,39,Ohio,OH,830,2.82
ObjectId("5ea70f830e750000200520bc"),2011,10122,5816,2497,8313,4306,22693,26999,12625257,35312,39,Ohio,OH,825,2.8
ObjectId("5ea70f830e750000200520bd"),2012,9947,5811,2444,8255,4136,22432,26568,12788627,34823,39,Ohio,OH,837,2.72
ObjectId("5ea70f830e750000200520be"),2013,9663,5613,2342,7955,4050,22185,26235,12516774,34190,39,Ohio,OH,872,2.73
ObjectId("5ea70f830e750000200520bf"),2014,9833,5683,2401,8084,4150,21931,26081,12382538,34165,39,Ohio,OH,825,2.76
ObjectId("5ea70f830e750000200520c0"),2015,9997,5780,2505,8285,4217,22861,27078,12505309,35363,39,Ohio,OH,816,2.83
ObjectId("5ea70f830e750000200520c1"),2016,9464,5342,2345,7687,4122,21497,25619,12147821,33306,39,Ohio,OH,766,2.74
ObjectId("5ea70f830e750000200520c2"),2017,4498,2825,1387,4212,1673,12101,13774,11773974,17986,39,Ohio,OH,643,1.53
ObjectId("5ea70f830e750000200520c3"),2018,4928,3073,1666,4739,1855,13383,15238,11853319,19977,39,Ohio,OH,614,1.69
ObjectId("5ea70f830e750000200520c4"),2010,4123,2414,586,3000,1709,7415,9124,3901822,12124,40,Oklahoma,OK,389,3.11
ObjectId("5ea70f830e750000200520c5"),2011,4724,2711,613,3324,2013,8046,10059,4340065,13383,40,Oklahoma,OK,403,3.08
ObjectId("5ea70f830e750000200520c6"),2012,4856,2641,629,3270,2215,7976,10191,4208024,13461,40,Oklahoma,OK,375,3.2
ObjectId("5ea70f830e750000200520c7"),2013,4493,2443,639,3082,2050,7485,9535,4034927,12617,40,Oklahoma,OK,360,3.13
ObjectId("5ea70f830e750000200520c8"),2014,4437,2444,600,3044,1993,7542,9535,3981734,12579,40,Oklahoma,OK,366,3.16
ObjectId("5ea70f830e750000200520c9"),2015,4583,2558,629,3187,2025,7952,9977,4068796,13164,40,Oklahoma,OK,395,3.24
ObjectId("5ea70f830e750000200520ca"),2016,4512,2609,753,3362,1903,8330,10233,4113120,13595,40,Oklahoma,OK,409,3.31
ObjectId("5ea70f830e750000200520cb"),2017,4168,2451,729,3180,1717,8160,9877,3990331,13057,40,Oklahoma,OK,414,3.27
ObjectId("5ea70f830e750000200520cc"),2018,4146,2523,787,3310,1623,8159,9782,3991035,13092,40,Oklahoma,OK,434,3.28
ObjectId("5ea70f830e750000200520cd"),2010,4506,2601,657,3258,1905,6376,8281,3891978,11539,41,Oregon,OR,166,2.96
ObjectId("5ea70f830e750000200520ce"),2011,9676,5660,11672,17332,4016,11419,15435,4043978,32767,41,Oregon,OR,174,8.1
ObjectId("5ea70f830e750000200520cf"),2012,4338,2463,639,3102,1875,6369,8244,4002164,11346,41,Oregon,OR,171,2.83
ObjectId("5ea70f830e750000200520d0"),2013,4680,2680,666,3346,2000,6753,8753,4394862,12099,41,Oregon,OR,231,2.75
ObjectId("5ea70f830e750000200520d1"),2014,5185,3018,737,3755,2167,7265,9432,4220492,13187,41,Oregon,OR,260,3.12
ObjectId("5ea70f830e750000200520d2"),2015,5294,3134,949,4083,2160,8633,10793,5644994,14876,41,Oregon,OR,251,2.64
ObjectId("5ea70f830e750000200520d3"),2016,4633,2663,721,3384,1970,7220,9190,4407424,12574,41,Oregon,OR,233,2.85
ObjectId("5ea70f830e750000200520d4"),2017,3965,2293,718,3011,1672,6065,7737,4276423,10748,41,Oregon,OR,203,2.51
ObjectId("5ea70f830e750000200520d5"),2018,4158,2383,701,3084,1775,5917,7692,4328893,10776,41,Oregon,OR,225,2.49
ObjectId("5ea70f830e750000200520d6"),2010,4742,3101,2757,5858,1641,24578,26219,13292628,32077,42,Pennsylvania,PA,1400,2.41
ObjectId("5ea70f830e750000200520d7"),2011,5773,3634,2758,6392,2139,24767,26906,13336187,33298,42,Pennsylvania,PA,1429,2.5
ObjectId("5ea70f830e750000200520d8"),2012,5058,3143,2658,5801,1915,24080,25995,13498837,31796,42,Pennsylvania,PA,1432,2.36
ObjectId("5ea70f830e750000200520d9"),2013,5054,3194,2638,5832,1860,23911,25771,13593562,31603,42,Pennsylvania,PA,1499,2.32
ObjectId("5ea70f830e750000200520da"),2014,5192,3209,2652,5861,1983,24274,26257,13538815,32118,42,Pennsylvania,PA,1509,2.37
ObjectId("5ea70f830e750000200520db"),2015,5333,3261,2646,5907,2072,24270,26342,13575133,32249,42,Pennsylvania,PA,1515,2.38
ObjectId("5ea70f830e750000200520dc"),2016,5974,3977,2629,6606,1997,24003,26000,13588521,32606,42,Pennsylvania,PA,1507,2.4
ObjectId("5ea70f830e750000200520dd"),2017,4918,2960,2619,5579,1958,23225,25183,13602067,30762,42,Pennsylvania,PA,1491,2.26
ObjectId("5ea70f830e750000200520de"),2018,3701,2409,2642,5051,1292,22863,24155,13602353,29206,42,Pennsylvania,PA,1493,2.15
ObjectId("5ea70f830e750000200520df"),2010,630,344,184,528,286,2363,2649,1058992,3177,44,Rhode Island,RI,49,3
ObjectId("5ea70f830e750000200520e0"),2011,605,341,184,525,264,2315,2579,1057719,3104,44,Rhode Island,RI,49,2.93
ObjectId("5ea70f830e750000200520e1"),2012,596,339,177,516,257,2300,2557,1062797,3073,44,Rhode Island,RI,50,2.89
ObjectId("5ea70f830e750000200520e2"),2013,626,349,185,534,277,2258,2535,1058087,3069,44,Rhode Island,RI,49,2.9
ObjectId("5ea70f830e750000200520e3"),2014,633,368,194,562,265,2312,2577,1061770,3139,44,Rhode Island,RI,49,2.96
ObjectId("5ea70f830e750000200520e4"),2015,628,364,183,547,264,2267,2531,1062954,3078,44,Rhode Island,RI,49,2.9
ObjectId("5ea70f830e750000200520e5"),2016,633,369,184,553,264,2294,2558,1063042,3111,44,Rhode Island,RI,49,2.93
ObjectId("5ea70f830e750000200520e6"),2017,646,386,196,582,260,2315,2575,1066209,3157,44,Rhode Island,RI,49,2.96
ObjectId("5ea70f830e750000200520e7"),2018,619,374,198,572,245,2296,2541,1063854,3113,44,Rhode Island,RI,49,2.93
ObjectId("5ea70f830e750000200520e8"),2010,4279,2721,1357,4078,1558,11072,12630,4656886,16708,45,South Carolina,SC,457,3.59
ObjectId("5ea70f830e750000200520e9"),2011,4510,2832,1464,4296,1678,11773,13451,4712996,17747,45,South Carolina,SC,433,3.77
ObjectId("5ea70f830e750000200520ea"),2012,5151,3105,1369,4474,2046,11239,13285,4765076,17759,45,South Carolina,SC,469,3.73
ObjectId("5ea70f830e750000200520eb"),2013,4162,2657,1548,4205,1505,12205,13710,4841102,17915,45,South Carolina,SC,569,3.7
ObjectId("5ea70f830e750000200520ec"),2014,4004,2525,1411,3936,1479,11037,12516,4953761,16452,45,South Carolina,SC,571,3.32
ObjectId("5ea70f830e750000200520ed"),2015,4973,2973,1480,4453,2000,11809,13809,4996301,18262,45,South Carolina,SC,454,3.66
ObjectId("5ea70f830e750000200520ee"),2016,5148,3095,1516,4611,2053,11705,13758,5000806,18369,45,South Carolina,SC,457,3.67
ObjectId("5ea70f830e750000200520ef"),2017,3579,2110,1275,3385,1469,7864,9333,5067266,12718,45,South Carolina,SC,450,2.51
ObjectId("5ea70f830e750000200520f0"),2018,4157,2711,1774,4485,1446,10910,12356,5108109,16841,45,South Carolina,SC,445,3.3
ObjectId("5ea70f830e750000200520f1"),2010,912,523,100,623,389,1458,1847,869545,2470,46,South Dakota,SD,142,2.84
ObjectId("5ea70f830e750000200520f2"),2011,1291,731,104,835,560,1469,2029,862783,2864,46,South Dakota,SD,125,3.32
ObjectId("5ea70f830e750000200520f3"),2012,1190,682,108,790,508,1517,2025,868319,2815,46,South Dakota,SD,128,3.24
ObjectId("5ea70f830e750000200520f4"),2013,1126,631,101,732,495,1465,1960,889111,2692,46,South Dakota,SD,129,3.03
ObjectId("5ea70f830e750000200520f5"),2014,1245,698,110,808,547,1585,2132,890914,2940,46,South Dakota,SD,125,3.3
ObjectId("5ea70f830e750000200520f6"),2015,1246,692,116,808,554,1635,2189,904563,2997,46,South Dakota,SD,127,3.31
ObjectId("5ea70f830e750000200520f7"),2016,1315,631,116,747,684,1637,2321,915036,3068,46,South Dakota,SD,128,3.35
ObjectId("5ea70f830e750000200520f8"),2017,1327,752,153,905,575,1690,2265,920420,3170,46,South Dakota,SD,126,3.44
ObjectId("5ea70f830e750000200520f9"),2018,1248,656,156,812,592,1623,2215,925617,3027,46,South Dakota,SD,134,3.27
ObjectId("5ea70f830e750000200520fa"),2010,10557,5973,1598,7571,4584,15396,19980,6358616,27551,47,Tennessee,TN,469,4.33
ObjectId("5ea70f830e750000200520fb"),2011,10595,5967,1558,7525,4628,15549,20177,6427298,27702,47,Tennessee,TN,472,4.31
ObjectId("5ea70f830e750000200520fc"),2012,10780,5985,1608,7593,4795,15781,20576,6480488,28169,47,Tennessee,TN,464,4.35
ObjectId("5ea70f830e750000200520fd"),2013,10920,6016,1655,7671,4904,15986,20890,6545789,28561,47,Tennessee,TN,469,4.36
ObjectId("5ea70f830e750000200520fe"),2014,10841,6077,1617,7694,4764,16133,20897,6564098,28591,47,Tennessee,TN,468,4.36
ObjectId("5ea70f830e750000200520ff"),2015,11031,5749,1589,7338,5282,16167,21449,6633096,28787,47,Tennessee,TN,486,4.34
ObjectId("5ea70f830e75000020052100"),2016,10396,5634,1695,7329,4762,16135,20897,6672636,28226,47,Tennessee,TN,472,4.23
ObjectId("5ea70f830e75000020052101"),2017,10033,5320,1654,6974,4713,15091,19804,6734436,26778,47,Tennessee,TN,470,3.98
ObjectId("5ea70f830e75000020052102"),2018,10375,5499,1753,7252,4876,15610,20486,6791112,27738,47,Tennessee,TN,466,4.08
ObjectId("5ea70f830e75000020052103"),2010,35332,19967,6337,26304,15365,49354,64719,25374450,91023,48,Texas,TX,1040,3.59
ObjectId("5ea70f830e75000020052104"),2011,34740,19732,6328,26060,15008,49892,64900,25981583,90960,48,Texas,TX,1041,3.5
ObjectId("5ea70f830e75000020052105"),2012,33991,18838,6192,25030,15153,48642,63795,26396356,88825,48,Texas,TX,1044,3.37
ObjectId("5ea70f830e75000020052106"),2013,36834,20941,6126,27067,15893,49105,64998,26768445,92065,48,Texas,TX,1024,3.44
ObjectId("5ea70f830e75000020052107"),2014,32294,18356,6144,24500,13938,48036,61974,27099860,86474,48,Texas,TX,1007,3.19
ObjectId("5ea70f830e75000020052108"),2015,34772,19815,6596,26411,14957,50362,65319,27732574,91730,48,Texas,TX,1033,3.31
ObjectId("5ea70f830e75000020052109"),2016,37264,21095,6802,27897,16169,51553,67722,28541812,95619,48,Texas,TX,1064,3.35
ObjectId("5ea70f830e7500002005210a"),2017,27718,16215,5595,21810,11503,38781,50284,28875406,72094,48,Texas,TX,838,2.5
ObjectId("5ea70f830e7500002005210b"),2018,25655,15291,5954,21245,10364,39634,49998,29344001,71243,48,Texas,TX,957,2.43
ObjectId("5ea70f830e7500002005210c"),2010,2161,1270,392,1662,891,4775,5666,2898381,7328,49,Utah,UT,135,2.53
ObjectId("5ea70f830e7500002005210d"),2011,2302,1363,373,1736,939,5095,6034,3006086,7770,49,Utah,UT,134,2.58
ObjectId("5ea70f830e7500002005210e"),2012,2127,1237,366,1603,890,4704,5594,3116384,7197,49,Utah,UT,133,2.31
ObjectId("5ea70f830e7500002005210f"),2013,1914,1146,347,1493,768,4331,5099,3115565,6592,49,Utah,UT,135,2.12
ObjectId("5ea70f830e75000020052110"),2014,2165,1208,347,1555,957,4705,5662,3164784,7217,49,Utah,UT,138,2.28
ObjectId("5ea70f830e75000020052111"),2015,2318,1324,335,1659,994,4737,5731,3254306,7390,49,Utah,UT,142,2.27
ObjectId("5ea70f830e75000020052112"),2016,2377,1363,359,1722,1014,4812,5826,3348840,7548,49,Utah,UT,141,2.25
ObjectId("5ea70f830e75000020052113"),2017,2209,1273,355,1628,936,4633,5569,3317709,7197,49,Utah,UT,126,2.17
ObjectId("5ea70f830e75000020052114"),2018,2131,1238,378,1616,893,4728,5621,3378732,7237,49,Utah,UT,128,2.14
ObjectId("5ea70f830e75000020052115"),2010,389,261,106,367,128,1159,1287,649837,1654,52,Vermont,VT,99,2.55
ObjectId("5ea70f830e75000020052116"),2011,378,255,114,369,123,1136,1259,662475,1628,52,Vermont,VT,102,2.46
ObjectId("5ea70f830e75000020052117"),2012,487,321,140,461,166,1155,1321,646251,1782,52,Vermont,VT,92,2.76
ObjectId("5ea70f830e75000020052118"),2013,441,280,116,396,161,1167,1328,664028,1724,52,Vermont,VT,105,2.6
ObjectId("5ea70f830e75000020052119"),2014,336,225,115,340,111,1216,1327,672570,1667,52,Vermont,VT,113,2.48
ObjectId("5ea70f830e7500002005211a"),2015,313,202,120,322,111,1104,1215,641500,1537,52,Vermont,VT,94,2.4
ObjectId("5ea70f830e7500002005211b"),2016,391,262,116,378,129,1345,1474,727124,1852,52,Vermont,VT,124,2.55
ObjectId("5ea70f830e7500002005211c"),2017,304,197,112,309,107,1081,1188,636517,1497,52,Vermont,VT,91,2.35
ObjectId("5ea70f830e7500002005211d"),2018,437,290,153,443,147,1268,1415,648985,1858,52,Vermont,VT,90,2.86
ObjectId("5ea70f830e7500002005211e"),2010,5173,3735,2236,5971,1438,16903,18341,8019821,24312,51,Virginia,VA,462,3.03
ObjectId("5ea70f830e7500002005211f"),2011,5264,3809,2250,6059,1455,17009,18464,8131479,24523,51,Virginia,VA,485,3.02
ObjectId("5ea70f830e75000020052120"),2012,5205,3783,2259,6042,1422,17095,18517,8198021,24559,51,Virginia,VA,433,3
ObjectId("5ea70f830e75000020052121"),2013,5175,3789,2261,6050,1386,17224,18610,8268226,24660,51,Virginia,VA,473,2.98
ObjectId("5ea70f830e75000020052122"),2014,5209,3764,2369,6133,1445,17322,18767,8340544,24900,51,Virginia,VA,468,2.99
ObjectId("5ea70f830e75000020052123"),2015,5347,3778,2284,6062,1569,17312,18881,8393335,24943,51,Virginia,VA,423,2.97
ObjectId("5ea70f830e75000020052124"),2016,5179,3749,2416,6165,1430,17378,18808,8426807,24973,51,Virginia,VA,436,2.96
ObjectId("5ea70f830e75000020052125"),2017,5009,3684,2412,6096,1325,16670,17995,8490110,24091,51,Virginia,VA,424,2.84
ObjectId("5ea70f830e75000020052126"),2018,5020,3671,2540,6211,1349,16722,18071,8527392,24282,51,Virginia,VA,435,2.85
ObjectId("5ea70f830e75000020052127"),2010,5013,3281,1235,4516,1732,11635,13367,8139532,17883,53,Washington,WA,304,2.2
ObjectId("5ea70f830e75000020052128"),2011,5107,3360,1334,4694,1747,12112,13859,8848353,18553,53,Washington,WA,332,2.1
ObjectId("5ea70f830e75000020052129"),2012,4535,2816,1071,3887,1719,10387,12106,7867658,15993,53,Washington,WA,310,2.03
ObjectId("5ea70f830e7500002005212a"),2013,4385,2742,1012,3754,1643,9798,11441,7387839,15195,53,Washington,WA,277,2.06
ObjectId("5ea70f830e7500002005212b"),2014,4425,2777,1037,3814,1648,10106,11754,7775814,15568,53,Washington,WA,272,2
ObjectId("5ea70f830e7500002005212c"),2015,4625,2900,1081,3981,1725,10530,12255,8233032,16236,53,Washington,WA,274,1.97
ObjectId("5ea70f830e7500002005212d"),2016,4683,2884,1053,3937,1799,10083,11882,7809836,15819,53,Washington,WA,271,2.03
ObjectId("5ea70f830e7500002005212e"),2017,4688,2888,1056,3944,1800,9676,11476,7462444,15420,53,Washington,WA,254,2.07
ObjectId("5ea70f830e7500002005212f"),2018,5093,3012,1073,4085,2081,9853,11934,7672168,16019,53,Washington,WA,255,2.09
ObjectId("5ea70f830e75000020052130"),2010,1009,634,123,757,375,3912,4287,2074366,5044,55,West Virginia,WV,402,2.43
ObjectId("5ea70f830e75000020052131"),2011,1059,667,127,794,392,3671,4063,2071365,4857,55,West Virginia,WV,328,2.34
ObjectId("5ea70f830e75000020052132"),2012,972,608,137,745,364,3562,3926,1955015,4671,55,West Virginia,WV,305,2.39
ObjectId("5ea70f830e75000020052133"),2013,991,623,129,752,368,3602,3970,1959523,4722,55,West Virginia,WV,281,2.41
ObjectId("5ea70f830e75000020052134"),2014,1071,620,125,745,451,3299,3750,2100227,4495,55,West Virginia,WV,298,2.14
ObjectId("5ea70f830e75000020052135"),2015,955,660,259,919,295,3877,4172,2029107,5091,55,West Virginia,WV,304,2.51
ObjectId("5ea70f830e75000020052136"),2016,999,605,148,753,394,3809,4203,1933369,4956,55,West Virginia,WV,357,2.56
ObjectId("5ea70f830e75000020052137"),2017,1030,611,141,752,419,3533,3952,1831045,4704,55,West Virginia,WV,256,2.57
ObjectId("5ea70f830e75000020052138"),2018,1456,930,165,1095,526,4537,5063,1819975,6158,55,West Virginia,WV,259,3.38
ObjectId("5ea70f830e75000020052139"),2010,6353,3803,1781,5584,2550,11460,14010,5778815,19594,54,Wisconsin,WI,393,3.39
ObjectId("5ea70f830e7500002005213a"),2011,6217,3754,1758,5512,2463,11310,13773,5876787,19285,54,Wisconsin,WI,401,3.28
ObjectId("5ea70f830e7500002005213b"),2012,6043,3546,1717,5263,2497,11179,13676,5861922,18939,54,Wisconsin,WI,393,3.23
ObjectId("5ea70f830e7500002005213c"),2013,5542,3315,1708,5023,2227,11081,13308,5900116,18331,54,Wisconsin,WI,401,3.11
ObjectId("5ea70f830e7500002005213d"),2014,5534,3292,1737,5029,2242,11381,13623,5953664,18652,54,Wisconsin,WI,400,3.13
ObjectId("5ea70f830e7500002005213e"),2015,5718,3282,1750,5032,2436,11190,13626,5886962,18658,54,Wisconsin,WI,409,3.17
ObjectId("5ea70f830e7500002005213f"),2016,5358,3182,1887,5069,2176,11195,13371,5928153,18440,54,Wisconsin,WI,422,3.11
ObjectId("5ea70f830e75000020052140"),2017,5551,3207,1724,4931,2344,11194,13538,5908902,18469,54,Wisconsin,WI,421,3.13
ObjectId("5ea70f830e75000020052141"),2018,5317,3057,1678,4735,2260,11053,13313,5923923,18048,54,Wisconsin,WI,429,3.05
ObjectId("5ea70f830e75000020052142"),2010,569,443,109,552,126,1330,1456,570473,2008,56,Wyoming,WY,65,3.52
ObjectId("5ea70f830e75000020052143"),2011,680,524,135,659,156,1428,1584,575060,2243,56,Wyoming,WY,64,3.9
ObjectId("5ea70f830e75000020052144"),2012,623,461,115,576,162,1377,1539,584176,2115,56,Wyoming,WY,62,3.62
ObjectId("5ea70f830e75000020052145"),2013,711,514,192,706,197,1465,1662,590427,2368,56,Wyoming,WY,62,4.01
ObjectId("5ea70f830e75000020052146"),2014,816,567,148,715,249,1426,1675,591789,2390,56,Wyoming,WY,61,4.04
ObjectId("5ea70f830e75000020052147"),2015,790,516,141,657,274,1400,1674,595889,2331,56,Wyoming,WY,58,3.91
ObjectId("5ea70f830e75000020052148"),2016,877,559,145,704,318,1390,1708,595148,2412,56,Wyoming,WY,55,4.05
ObjectId("5ea70f830e75000020052149"),2017,782,498,138,636,284,1105,1389,588905,2025,56,Wyoming,WY,57,3.44
ObjectId("5ea70f830e7500002005214a"),2018,833,541,132,673,292,1358,1650,588786,2323,56,Wyoming,WY,57,3.95
